$ 1 0.000005 0.34903429574618416 26 5 50 5e-11
f 96 96 96 144 32 1.5 0.02
f 32 96 32 144 32 1.5 0.02
w 48 144 48 160 0
w 48 160 112 160 0
w 112 160 112 144 0
w 80 144 80 176 0
w 80 176 144 176 0
w 144 176 144 144 0
w 144 144 192 144 0
w 16 144 -16 144 0
w 144 -16 -48 -16 0
c -176 48 -176 144 0 10000 0.001 0.001
w 144 -16 192 -16 0
r -96 -16 -96 144 0 1
w 32 0 96 0 0
v -128 144 -128 -16 0 0 40 40 0 0 0.5
v -48 144 -48 48 0 0 40 54 0 0 0.5
w -48 -16 -96 -16 0
w -96 144 -48 144 0
w -48 0 32 0 0
s 32 0 32 48 0 0 false
s 96 0 96 48 0 0 false
v 192 144 192 -16 0 0 40 54 0 0 0.5
w 336 -48 336 80 0
r 32 48 -16 48 0 10000
w -16 80 -16 144 0
w -16 144 -48 144 0
w -16 80 -16 48 0
r 48 80 96 80 0 10000
w 96 96 96 80 0
w 32 96 32 48 0
w 48 80 -16 80 0
w 96 48 96 80 0
w -96 -16 -128 -16 0
w -128 144 -96 144 0
r -48 48 -48 0 0 100
38 15 F1 0 40 54 -1 Voltage
38 22 F1 0 40 54 -1 Voltage
